109	125	114	101	118	135	91	94	134	122	69	95	99	94	100	84	73	103	97	116	83	68	65	59	66	101	138	143	96	92	98	69	72	71	45	84	79	88	110	109	197	255	255	161	142	84	109	126	136	125	96	84	68	69	62	108	108	116	94	74	90	96	97	92	80	113	60	99	187	103	87	69	88	110	119	78	43	81	58	72	49	68	49	91	90	94	107	62	78	57	118	79	90	90	68	72	66	65	73	81
96	102	114	126	140	178	139	134	168	148	134	93	89	66	78	87	79	57	59	63	90	72	82	37	62	66	95	147	111	104	70	82	70	84	71	78	54	89	74	70	91	142	202	172	174	121	96	83	94	79	74	94	63	66	79	72	100	60	66	73	80	81	83	81	84	97	91	176	255	189	109	81	95	112	100	43	70	68	81	69	99	114	77	100	95	112	69	54	59	81	89	85	104	88	92	60	68	85	52	113
78	89	105	184	155	177	137	150	150	135	138	122	87	99	92	126	82	45	78	82	95	61	81	72	69	59	50	101	111	128	167	156	113	96	85	74	37	54	68	62	70	98	97	114	91	94	75	71	80	72	92	90	67	69	104	85	139	144	55	64	72	69	68	81	106	111	98	121	222	158	96	68	76	89	77	98	92	125	83	69	115	68	70	73	78	98	71	67	64	90	70	94	97	57	78	77	87	61	68	101
57	55	69	114	119	106	103	123	96	87	79	99	80	61	85	130	146	114	102	64	85	89	75	76	71	72	54	88	120	141	153	129	137	131	83	69	66	67	88	92	61	48	62	93	94	86	88	69	79	88	86	66	72	47	82	124	87	139	108	78	59	50	64	85	79	86	140	144	143	110	109	80	94	118	82	81	107	136	79	71	61	60	61	92	75	94	98	74	66	73	70	72	89	72	75	74	48	70	73	82
68	89	67	88	76	95	87	80	76	93	60	56	50	46	85	141	164	155	173	96	69	56	86	105	99	88	46	104	112	77	129	81	121	93	65	98	98	65	56	71	83	65	80	102	148	74	78	74	66	68	63	88	98	85	77	131	129	110	104	107	79	71	71	82	87	96	107	122	116	116	161	91	102	75	76	67	61	107	83	64	79	81	95	82	99	125	105	100	90	97	130	87	89	122	92	93	89	102	77	73
103	90	54	81	62	93	72	97	74	83	74	72	61	62	41	117	125	176	115	101	101	45	68	92	116	145	89	80	122	131	104	93	115	87	80	81	70	36	60	67	108	120	100	135	143	105	114	95	92	76	64	84	63	82	84	104	84	100	66	104	104	90	99	100	75	127	106	122	105	73	82	78	75	86	104	106	76	74	72	76	61	69	77	109	74	116	79	81	113	115	160	124	65	96	119	102	132	124	104	134
111	82	81	107	75	94	76	72	96	92	72	87	48	74	77	74	84	96	108	83	82	68	74	81	97	101	56	77	116	119	109	87	68	82	99	79	67	77	59	94	90	128	106	98	119	107	105	100	120	95	74	58	76	68	86	152	129	88	83	130	178	123	106	90	68	98	123	103	112	85	79	57	84	83	90	102	95	93	62	55	72	91	78	103	86	66	82	78	85	96	136	95	79	113	158	133	133	91	94	129
86	80	112	116	102	97	60	96	98	81	86	117	101	109	69	96	76	81	58	87	89	79	84	87	76	72	80	53	123	111	108	96	107	70	85	99	100	106	119	81	96	96	105	116	128	138	108	150	96	87	57	102	112	108	85	96	117	135	116	113	151	153	149	98	69	73	68	103	95	58	70	78	107	114	101	79	107	84	85	72	71	89	59	64	63	55	65	82	89	76	86	71	83	109	119	145	128	85	87	129
82	105	92	69	73	90	67	82	68	107	149	160	176	124	86	90	127	98	90	113	94	66	97	98	89	84	67	66	74	114	90	108	131	103	70	76	77	100	87	81	96	100	137	113	100	109	109	109	141	103	72	36	99	76	95	101	110	128	151	104	114	131	128	93	89	112	67	106	92	71	67	75	80	78	89	108	73	65	78	74	64	86	102	61	56	57	70	99	69	49	64	67	65	128	147	145	87	87	74	81
64	66	61	63	79	114	93	120	104	109	226	207	202	107	106	82	136	152	122	100	133	129	67	77	98	114	86	86	74	64	76	77	108	117	67	55	93	78	65	149	154	124	96	86	64	101	85	97	125	127	120	116	101	88	110	102	117	103	104	98	74	48	115	81	111	155	147	92	93	96	63	101	57	80	96	77	86	63	46	100	97	76	97	48	33	87	83	67	106	83	89	83	46	66	109	144	92	111	109	95
76	59	58	41	85	127	170	101	89	127	128	159	114	61	86	90	108	104	141	88	99	64	78	81	84	106	76	84	70	65	65	43	76	85	112	86	95	82	76	120	143	70	52	69	82	77	139	158	129	130	153	121	88	67	104	96	144	102	101	92	68	70	69	106	148	192	170	72	71	61	45	70	65	67	61	62	54	69	53	98	126	88	61	58	45	62	64	71	73	93	92	53	64	42	100	76	72	103	100	118
52	61	47	51	69	112	154	109	93	72	89	116	89	80	75	87	103	111	112	82	90	67	68	61	93	113	102	96	45	70	68	68	50	55	74	73	68	67	68	80	84	76	84	79	100	106	103	98	124	111	80	100	62	51	69	109	113	87	59	57	58	49	75	127	126	126	107	99	87	93	103	69	88	99	97	76	55	69	74	119	160	130	92	73	74	92	73	74	68	71	89	108	64	62	61	61	127	108	64	66
68	62	66	74	83	123	124	116	101	97	134	131	112	90	67	80	72	72	94	88	69	78	73	113	97	80	110	100	72	80	76	81	90	132	108	118	87	77	84	77	64	111	99	99	98	125	123	105	94	112	89	80	72	73	56	76	92	94	70	62	92	93	80	93	115	105	108	77	64	66	59	64	90	93	106	115	82	65	74	46	98	103	100	105	90	139	106	115	123	85	100	67	83	75	62	90	72	82	65	68
62	83	69	94	65	84	101	95	73	96	94	94	99	82	103	89	82	100	52	77	49	59	75	141	88	98	115	113	133	99	114	94	57	111	188	159	82	98	77	63	85	84	89	159	162	115	138	126	107	86	111	76	57	84	69	54	83	69	66	59	70	83	82	83	90	94	104	61	69	63	95	107	100	97	86	90	85	89	88	96	85	66	83	102	108	117	123	96	98	125	145	101	87	112	99	83	88	80	56	54
78	101	68	101	106	84	87	85	78	117	64	69	112	136	92	93	97	93	116	95	131	115	137	157	156	99	107	102	116	77	99	91	91	110	145	122	97	73	68	58	93	113	159	178	148	99	138	140	103	102	103	69	59	76	97	70	66	100	73	111	116	163	95	69	77	69	90	58	75	79	114	73	94	55	97	81	85	93	79	68	64	54	118	87	85	102	105	92	86	71	87	115	96	82	83	67	97	74	91	39
90	99	80	77	96	71	74	109	93	93	98	83	82	99	91	94	130	125	150	176	162	114	130	127	108	81	74	108	95	143	128	132	116	117	112	97	89	82	73	71	81	87	126	131	102	84	102	99	74	85	96	113	112	67	65	74	60	80	80	108	163	119	109	85	67	64	73	58	57	95	79	84	64	62	88	92	82	83	41	63	60	89	112	82	101	145	128	94	101	97	105	116	80	98	98	69	71	73	78	94
112	140	110	81	69	68	64	106	100	120	123	124	77	62	75	137	237	201	159	141	141	107	97	123	113	72	80	96	110	88	126	130	113	85	76	84	76	56	82	67	62	100	135	123	81	81	89	93	106	92	87	90	108	142	75	76	84	79	64	103	91	81	75	65	82	77	72	79	73	89	116	109	85	93	94	76	74	82	81	81	71	48	80	80	100	111	86	79	59	71	105	127	120	113	104	96	76	61	56	75
140	155	124	55	91	61	120	96	97	76	120	91	71	77	89	123	192	196	108	99	78	78	87	125	120	73	95	91	105	80	102	74	71	71	84	104	59	72	55	66	69	72	112	78	94	101	71	130	172	131	103	74	108	144	73	99	112	83	115	94	67	72	73	79	79	93	113	66	74	116	114	109	109	117	125	95	93	153	128	103	69	73	68	75	149	105	91	61	103	88	66	108	77	79	89	81	56	50	73	79
79	62	95	63	62	60	103	104	56	84	153	96	134	99	84	62	70	92	104	62	76	74	106	168	122	86	139	137	144	130	87	97	97	59	104	83	68	78	67	66	49	96	95	99	68	95	106	94	140	136	96	79	94	123	81	84	104	94	98	113	130	114	60	91	52	60	103	78	94	158	176	133	154	109	91	81	63	92	107	114	114	84	92	122	144	125	101	86	123	106	77	78	97	90	74	66	67	53	50	53
81	86	60	55	94	85	86	67	90	72	110	140	106	96	79	67	78	81	76	62	56	96	126	113	130	95	116	118	106	76	81	69	89	129	110	104	62	50	65	55	61	63	79	85	100	93	63	70	86	116	109	167	149	117	55	78	120	118	109	127	154	87	70	58	88	72	83	76	121	98	147	129	135	122	129	76	60	63	57	107	89	136	146	194	165	150	155	91	125	116	78	99	76	74	91	80	88	64	83	65
97	77	74	58	66	69	79	98	99	89	127	129	126	111	99	92	102	67	71	68	58	77	91	108	113	104	89	92	89	85	61	78	119	183	151	141	101	53	56	56	66	48	70	100	90	120	110	54	58	103	122	186	151	112	104	80	93	84	97	113	114	96	58	66	78	99	110	54	68	66	125	124	114	145	179	106	98	61	76	109	109	91	114	112	170	130	116	85	112	120	72	72	76	95	88	122	93	95	86	64
70	58	81	56	102	82	94	88	78	77	84	75	78	94	46	52	84	63	62	66	89	51	91	76	113	93	125	109	80	72	81	110	132	188	122	105	125	91	100	85	84	70	92	99	115	109	84	47	61	97	99	96	97	133	156	131	76	64	36	78	119	92	89	79	132	136	101	72	59	67	65	92	106	123	142	95	81	42	58	79	90	81	61	110	117	122	124	78	79	73	64	97	110	99	70	81	107	54	80	77
78	86	88	91	116	94	67	65	67	65	61	63	91	63	85	72	64	81	74	83	117	81	71	92	85	87	105	111	67	80	91	107	117	95	88	93	81	95	106	137	91	85	146	174	99	112	68	68	56	72	74	97	112	133	112	135	73	66	54	74	83	68	112	105	71	82	92	121	102	82	52	106	70	93	111	114	85	105	76	90	80	88	76	90	172	127	100	73	109	91	108	88	120	107	93	86	77	71	68	74
71	93	85	86	85	104	65	75	58	46	68	91	88	90	133	98	89	48	83	130	112	93	71	96	100	121	135	117	82	129	110	112	71	103	102	92	121	129	112	116	105	71	110	145	92	64	73	73	72	68	72	83	67	103	94	112	61	38	79	56	63	84	85	106	88	109	84	170	95	83	69	86	90	63	92	87	111	140	93	95	75	101	163	91	121	114	88	89	97	106	87	121	88	96	92	89	60	67	68	79
146	130	86	87	77	66	70	84	58	71	93	92	84	121	156	93	66	67	96	102	100	122	96	87	107	87	106	97	87	89	84	75	94	89	115	104	107	81	93	70	96	123	134	100	72	84	83	67	70	73	76	82	71	80	81	96	73	71	73	63	35	60	69	75	95	124	150	186	168	112	132	127	111	77	69	72	97	86	86	72	42	83	121	68	68	75	75	89	80	88	99	108	115	102	74	83	60	59	62	52
122	102	83	92	69	72	77	93	87	76	73	97	93	125	83	82	79	75	68	64	74	109	127	92	35	89	82	54	54	97	88	86	88	101	105	81	90	59	86	102	74	102	109	99	100	76	72	94	97	100	158	133	71	89	76	76	82	78	62	95	82	86	74	102	81	147	110	133	112	117	98	93	70	62	71	70	75	83	70	62	58	61	75	59	59	63	98	64	64	47	62	93	69	72	103	124	110	72	85	78
72	89	123	122	91	71	76	77	111	96	79	83	59	95	75	78	86	69	52	84	76	88	86	53	84	99	76	81	88	76	69	79	86	127	116	80	82	83	64	80	96	98	105	122	91	73	88	115	99	104	142	99	80	68	83	96	101	77	80	55	83	72	99	125	101	88	127	83	117	108	85	80	63	55	82	59	66	89	74	87	94	68	73	75	57	73	107	98	51	57	81	67	92	83	120	172	157	115	73	71
97	61	66	63	70	78	61	60	78	106	84	61	70	67	66	58	83	108	99	70	67	101	67	68	70	79	89	94	105	94	108	107	107	134	116	71	71	73	66	87	104	72	90	137	99	81	73	98	83	58	69	93	79	77	94	73	100	104	94	97	70	46	104	122	92	62	70	48	71	93	76	65	61	76	79	94	70	71	55	37	51	91	70	87	98	105	96	113	122	46	63	63	70	90	101	160	153	148	114	73
74	69	78	81	85	78	75	67	42	55	56	98	76	57	57	51	80	80	109	108	114	85	59	64	73	102	120	141	149	138	111	93	66	80	72	85	120	103	119	104	106	73	89	93	93	77	70	54	94	99	54	91	61	75	63	84	112	98	108	124	84	86	85	107	52	94	64	64	61	87	98	106	86	65	103	112	81	59	56	71	81	95	85	81	71	84	86	109	123	109	69	73	79	73	80	108	130	94	83	82
91	83	86	87	63	92	77	62	85	60	100	139	135	109	84	59	48	86	98	118	134	101	78	65	61	74	87	124	112	103	138	115	90	79	67	84	88	129	129	75	62	69	64	87	94	105	101	94	111	91	65	90	91	71	57	66	86	72	79	91	87	75	94	103	86	82	69	64	78	98	107	155	97	59	72	93	77	61	77	78	85	74	55	73	80	77	108	114	117	132	84	85	83	119	73	108	113	88	87	68
141	103	57	68	81	54	72	75	118	102	114	181	145	102	54	79	77	85	77	100	116	78	57	69	68	85	90	120	88	100	84	83	105	82	90	68	113	150	119	94	86	67	88	70	66	68	104	106	102	93	80	63	69	75	65	56	94	88	103	124	103	88	92	78	69	74	59	76	76	103	133	155	141	91	65	50	72	64	78	75	115	50	71	62	56	67	64	98	99	96	85	72	79	101	99	148	160	121	129	104
129	112	88	89	77	71	77	88	76	81	139	113	88	84	84	71	70	83	89	66	79	88	56	76	80	77	91	107	96	80	91	79	66	72	51	72	104	129	129	77	55	40	61	65	66	71	69	127	151	136	95	83	70	64	58	95	94	97	96	118	112	106	91	85	89	84	70	95	58	104	123	145	145	121	78	84	62	98	89	65	72	77	66	97	81	61	92	112	132	113	98	76	74	80	135	115	111	99	145	181
124	98	97	100	67	84	82	78	59	58	75	121	107	101	85	73	79	105	103	89	95	63	58	76	68	105	101	101	109	87	93	92	58	59	62	87	81	86	80	94	49	38	49	68	94	72	52	111	140	94	108	82	63	74	78	81	79	72	94	112	115	88	76	73	80	60	73	95	94	107	135	161	165	106	96	115	102	101	58	80	73	30	49	56	103	81	90	117	118	138	104	91	43	115	88	139	86	82	100	110
92	83	67	79	78	73	54	52	63	83	122	122	100	40	81	92	82	166	161	104	98	88	82	118	111	99	118	136	114	74	78	71	51	67	57	57	77	52	37	60	57	68	87	57	61	68	40	70	107	118	106	82	59	115	153	131	85	102	74	82	111	127	75	91	53	68	77	92	73	92	67	101	83	95	111	138	106	102	61	72	95	63	72	53	50	44	59	66	117	88	44	89	78	90	95	64	100	90	95	111
105	93	86	65	58	97	102	69	66	143	108	94	76	84	91	95	133	171	157	105	84	73	106	113	112	100	102	110	94	59	71	65	57	79	49	59	94	62	71	77	58	71	109	94	78	69	55	74	76	97	112	84	95	150	244	181	102	81	62	93	117	81	60	100	86	100	74	86	155	137	97	73	103	54	113	103	77	71	75	55	66	70	48	48	29	46	70	66	47	61	59	61	73	119	80	59	80	89	112	109
94	128	89	69	74	65	103	83	84	98	115	114	81	94	90	102	77	54	97	90	108	88	83	126	175	107	65	70	78	62	72	78	67	56	80	53	66	51	75	93	90	74	71	74	76	75	94	102	130	96	84	113	113	149	137	116	98	66	62	67	104	84	81	108	96	70	111	120	150	103	90	62	93	106	58	86	64	96	65	71	74	47	55	56	55	61	81	39	63	43	72	63	56	87	86	85	74	73	99	77
86	91	111	86	74	83	85	87	60	81	105	118	130	69	70	71	62	81	91	53	68	81	86	135	127	110	79	62	90	86	117	114	91	53	52	54	48	90	96	114	103	92	84	90	93	89	99	109	65	78	81	70	85	129	129	110	126	74	89	98	147	116	94	68	75	82	83	78	75	79	71	85	68	95	84	67	97	88	79	47	66	50	77	59	65	85	61	64	69	84	68	83	70	54	63	113	104	68	60	67
76	43	64	79	64	82	61	63	88	115	86	76	103	88	71	76	70	67	99	97	64	68	85	87	137	109	107	76	79	121	102	99	65	60	67	60	90	91	80	97	117	97	65	90	108	124	115	109	104	76	72	80	74	90	74	57	91	86	81	69	98	98	69	83	62	58	40	74	112	100	76	72	74	85	64	86	80	73	84	103	79	92	59	56	45	71	68	53	80	91	89	62	61	55	66	95	89	103	103	76
59	81	69	69	93	87	93	98	80	92	60	83	90	70	59	70	69	72	145	89	64	61	88	121	119	134	110	65	90	97	115	147	94	60	74	74	58	96	109	70	89	92	83	67	75	91	80	75	76	77	83	113	105	65	89	84	92	77	83	93	70	73	62	68	78	52	51	74	66	100	94	82	112	93	83	99	76	96	102	85	108	109	106	69	76	58	65	85	72	82	65	41	57	59	61	102	106	121	112	69
61	65	70	101	64	91	71	69	92	108	46	72	97	64	64	61	85	77	70	62	61	71	101	136	100	109	112	110	109	89	75	74	67	93	73	64	71	101	115	79	77	65	82	94	90	61	87	97	81	68	86	96	100	78	65	76	105	75	46	94	78	87	70	65	72	71	51	88	130	94	86	70	71	97	82	92	99	71	92	114	118	127	136	89	84	67	59	49	72	68	53	70	54	72	75	87	90	92	85	74
61	46	83	66	88	101	111	120	136	87	83	80	68	106	72	94	83	96	102	99	52	83	81	97	91	109	112	89	73	66	69	56	72	79	67	65	71	94	99	82	91	70	90	99	78	89	99	120	124	83	65	80	73	67	66	57	64	54	73	67	89	74	79	51	85	80	66	93	139	88	76	68	48	91	72	78	76	83	133	119	178	151	156	90	109	96	83	84	69	95	62	85	72	79	89	73	107	104	95	90
49	44	75	92	108	151	168	167	109	99	64	66	89	87	101	112	90	109	118	85	85	80	85	89	94	88	89	78	111	79	63	63	66	60	53	91	98	112	115	94	74	76	37	71	54	58	79	79	92	68	72	65	96	88	52	65	74	41	68	60	67	72	71	41	69	88	102	78	87	99	87	69	86	86	94	100	67	62	78	67	120	140	124	111	77	78	72	76	71	63	81	113	117	118	106	79	88	113	107	123
98	106	97	97	72	137	142	127	79	57	77	87	62	70	88	111	153	176	149	117	84	84	50	90	91	106	120	94	63	75	64	72	63	72	56	113	102	115	128	111	112	91	85	53	42	70	57	78	75	78	62	60	62	84	32	30	70	70	44	52	67	65	46	54	63	49	78	54	76	78	59	83	68	93	101	122	91	59	77	69	82	126	155	73	118	78	73	96	73	62	105	142	146	120	163	131	71	101	110	115
79	87	119	142	128	127	106	101	71	62	50	98	102	99	110	144	191	172	130	74	92	85	88	71	86	115	154	90	88	110	108	76	66	58	66	74	113	86	87	90	117	130	69	77	84	60	59	87	95	89	75	83	82	58	59	45	88	50	52	57	44	69	56	55	44	60	51	50	60	78	79	95	89	124	151	111	95	59	59	66	50	105	133	82	69	79	81	80	66	55	111	157	126	151	175	111	73	83	91	82
68	91	133	104	92	112	108	71	70	67	62	58	77	107	106	131	154	135	131	123	98	83	58	95	82	107	136	106	100	145	103	111	91	58	82	83	68	95	75	71	98	138	88	96	63	90	87	55	94	65	75	71	100	92	68	83	99	63	75	61	73	61	76	49	69	75	68	71	84	62	87	134	137	170	163	147	114	71	62	71	88	49	118	112	93	84	68	69	68	50	77	147	152	135	132	90	73	98	86	78
81	63	71	84	89	116	90	86	97	54	65	79	85	97	65	88	88	100	96	78	101	104	54	95	86	77	73	90	78	95	66	129	78	91	82	66	78	84	62	51	69	81	83	78	97	116	91	102	98	100	77	98	118	111	78	117	114	92	117	83	60	41	56	68	47	53	58	56	88	85	109	119	132	120	72	90	91	81	48	101	49	67	88	93	106	118	80	52	82	26	58	76	99	77	78	66	90	136	120	117
79	52	38	64	74	77	98	133	139	104	143	125	94	68	65	65	69	85	88	104	70	109	63	85	73	83	84	50	52	58	95	84	78	81	78	81	53	63	60	45	83	63	88	74	81	114	113	96	86	124	125	74	88	78	64	66	126	137	143	102	75	119	89	75	66	70	102	94	89	95	134	121	102	87	72	56	75	56	50	74	100	79	84	67	88	62	90	64	67	59	64	56	64	69	76	83	64	98	111	131
94	86	48	59	58	88	80	86	110	111	132	117	81	53	77	84	101	111	91	75	107	68	62	72	67	54	89	75	51	45	82	43	63	48	93	82	70	65	70	71	52	76	75	79	66	68	63	81	110	125	116	77	86	96	65	92	126	105	94	102	110	92	103	110	82	60	85	89	70	81	98	104	88	87	63	54	70	95	57	65	65	72	69	69	57	26	41	51	50	43	60	60	44	69	86	89	48	78	96	93
72	86	82	51	80	97	63	70	87	90	153	119	80	62	64	148	229	158	108	66	63	78	53	65	88	68	76	74	59	82	63	63	82	53	80	84	63	63	49	71	93	62	77	61	63	46	41	60	65	92	90	94	65	73	92	106	175	146	108	97	81	74	97	79	66	78	77	71	85	103	112	149	102	73	76	84	87	110	67	72	75	102	71	89	70	68	70	89	105	82	88	74	92	64	48	54	70	41	89	81
110	94	119	96	76	76	84	75	67	94	86	88	73	65	73	127	159	161	133	89	76	51	84	92	122	70	82	88	81	60	29	52	66	95	68	82	101	77	44	40	71	75	57	66	45	69	69	62	89	107	71	60	43	83	82	78	102	136	119	84	46	80	88	73	86	90	83	64	85	85	128	120	83	113	96	121	67	128	108	74	118	71	67	109	114	79	94	113	161	126	117	77	62	55	47	44	65	64	65	89
93	102	107	95	104	131	118	66	60	57	84	72	116	115	115	113	143	93	64	73	97	102	105	86	110	89	74	68	38	40	58	79	85	77	90	76	113	103	67	39	53	70	61	50	76	95	80	55	84	119	121	59	90	65	75	93	99	92	56	76	60	105	133	110	117	114	89	120	86	61	91	112	82	120	172	173	148	102	89	72	59	102	107	105	126	107	108	72	137	121	114	57	54	79	73	56	74	51	96	121
89	93	103	115	112	107	78	49	62	40	70	50	77	109	98	136	111	98	69	84	98	96	87	90	96	70	93	110	70	61	79	61	58	69	68	67	87	119	73	48	81	51	60	69	61	53	70	95	90	84	100	79	82	129	135	83	109	99	78	79	80	96	72	105	80	97	129	110	94	107	91	80	94	137	167	143	143	130	84	39	72	94	82	76	65	78	96	84	122	94	106	61	37	53	45	70	50	54	62	69
105	104	95	120	93	100	99	73	50	69	76	51	77	73	64	77	86	72	77	110	129	103	75	75	80	63	64	100	74	57	47	65	74	68	86	79	59	87	64	79	60	55	57	35	101	87	65	125	151	118	80	96	105	117	121	85	128	100	68	82	68	75	133	143	98	81	104	97	94	74	90	93	88	77	79	109	117	102	68	52	71	109	86	82	57	69	89	99	82	68	107	77	54	53	77	47	39	53	59	69
94	100	110	90	97	101	62	79	82	65	87	60	72	76	58	71	61	101	94	147	176	110	93	55	93	87	83	73	67	88	68	74	71	60	82	81	84	87	104	121	71	80	66	78	136	128	81	138	148	102	78	129	143	84	96	88	71	57	57	86	95	124	118	106	117	86	84	76	85	76	62	63	55	80	84	93	99	116	102	63	49	110	87	85	93	74	113	103	105	79	111	114	90	48	31	67	57	66	76	61
95	70	84	93	85	100	78	48	74	78	53	81	53	71	58	71	64	89	84	114	129	94	61	59	66	82	114	80	86	74	70	50	71	89	91	109	44	97	105	101	92	66	62	80	125	115	86	95	96	99	84	75	98	97	104	75	85	58	109	121	101	90	71	84	69	60	79	59	89	63	68	50	65	59	87	123	110	123	63	39	69	81	87	77	42	88	102	118	107	77	101	88	94	70	40	60	57	48	62	78
71	95	70	82	98	109	88	73	74	62	92	49	95	67	72	73	100	90	79	105	88	87	95	52	62	80	116	98	86	85	83	75	97	109	142	97	99	95	79	72	76	65	80	73	91	94	87	103	97	128	113	102	98	79	71	67	90	81	70	70	91	79	62	54	51	64	66	69	61	73	50	56	87	95	95	99	85	80	83	66	65	57	58	95	85	63	70	86	93	79	66	96	113	82	62	62	72	42	58	77
72	84	68	95	90	103	129	72	67	115	67	74	69	85	81	92	96	87	74	67	80	109	108	77	88	66	68	84	59	81	82	75	60	67	77	86	86	105	115	96	100	86	67	74	108	113	84	103	121	121	77	57	80	65	61	72	73	89	111	117	80	47	66	46	82	47	89	82	73	66	86	80	95	73	104	59	94	59	74	73	46	56	76	72	55	68	67	69	64	38	90	137	121	100	72	78	66	38	53	66
72	72	68	63	89	86	116	88	72	85	100	90	103	108	112	67	77	72	88	76	90	136	106	69	83	80	73	84	120	93	88	72	76	67	79	86	137	122	144	109	101	117	100	157	125	92	105	80	72	80	94	89	107	76	87	72	74	82	123	107	96	91	76	89	68	70	79	75	79	85	116	82	83	92	82	84	84	53	63	46	56	61	51	64	63	67	59	58	57	58	82	77	86	78	105	53	76	72	37	58
81	75	92	83	89	89	89	88	64	53	59	103	98	66	63	110	95	69	101	149	163	113	120	85	77	89	59	90	75	113	100	91	59	65	89	81	87	105	144	103	104	125	126	139	113	97	80	74	105	115	150	146	88	59	61	46	77	50	103	95	74	67	50	84	73	57	91	75	65	84	96	115	94	95	70	91	89	95	78	57	55	50	60	78	76	69	65	57	53	68	61	71	78	64	43	98	60	55	90	65
80	95	90	98	78	99	127	134	103	81	100	97	67	68	80	95	59	82	115	151	141	85	119	101	111	87	103	91	73	84	92	66	60	75	84	78	127	103	98	93	82	100	122	105	101	98	106	75	73	109	151	137	98	71	79	82	70	63	65	73	58	72	56	42	63	71	74	70	72	94	91	79	109	105	54	81	39	68	76	72	53	69	73	79	78	70	69	65	40	45	70	102	79	67	102	105	107	90	49	54
61	83	103	67	76	92	101	63	86	84	75	104	73	84	97	112	91	85	70	115	123	129	126	177	108	67	98	93	81	97	82	68	64	79	90	73	114	107	78	97	133	165	126	91	109	110	132	75	60	76	95	93	117	104	92	116	70	51	77	90	89	58	79	53	76	83	73	62	48	70	70	64	89	85	96	75	61	84	70	69	70	58	73	84	77	94	52	47	73	94	84	64	77	91	71	114	148	84	27	24
66	66	72	81	93	95	96	87	107	104	103	91	42	87	111	109	94	72	78	103	130	126	114	108	115	107	116	107	84	71	78	71	88	73	81	87	112	106	129	100	133	188	157	105	109	96	104	61	45	46	66	62	63	72	77	100	99	80	65	51	119	83	88	80	72	74	69	78	69	80	110	84	99	121	145	92	81	63	58	63	69	100	83	132	99	56	57	81	98	113	81	82	64	80	83	63	74	63	55	58
72	65	61	68	87	81	108	129	169	122	70	94	111	86	82	80	63	70	91	76	80	102	110	96	98	104	124	100	64	86	75	113	113	115	87	81	83	76	82	94	107	118	105	90	79	86	100	88	53	69	79	100	81	103	82	87	96	75	73	62	63	67	72	89	103	82	79	63	64	64	99	73	86	93	116	66	68	55	80	83	94	101	101	111	48	60	51	66	79	126	135	86	71	79	55	60	50	83	98	97
68	65	78	70	103	90	55	84	91	80	97	90	110	104	84	103	109	89	68	48	89	87	45	45	131	106	65	60	73	65	108	119	112	96	123	80	90	75	81	60	51	66	58	52	73	105	87	59	79	82	95	110	126	118	84	118	88	63	74	75	65	111	65	76	82	100	89	66	74	81	106	98	78	59	70	90	97	98	66	81	87	78	82	82	73	77	56	75	52	69	117	70	65	82	78	65	89	53	105	82
75	63	86	73	113	81	63	92	69	76	82	132	152	130	117	117	105	121	78	85	78	80	62	55	90	85	111	76	82	58	85	90	76	80	77	98	99	72	87	103	47	56	52	63	45	61	58	36	58	74	79	73	113	95	98	92	99	84	59	93	100	124	131	107	78	42	48	53	74	91	89	74	66	79	70	59	84	65	82	104	114	84	71	62	71	41	77	94	71	53	44	72	62	80	70	86	90	89	73	70
83	92	82	71	69	60	72	100	97	75	82	123	124	101	106	106	132	101	116	121	96	103	76	80	77	74	125	108	118	104	71	74	72	62	81	93	120	111	76	56	64	57	53	64	54	55	34	62	62	67	98	70	81	77	79	88	81	85	80	100	66	117	105	111	124	59	83	61	70	109	115	49	68	53	76	59	85	75	73	94	145	124	119	96	99	71	88	72	92	65	53	55	66	96	103	81	113	116	108	84
87	66	64	73	94	95	92	68	92	105	94	129	72	99	85	90	111	74	100	95	98	73	115	130	118	110	105	103	77	80	87	50	80	94	127	97	102	74	91	52	52	75	53	54	56	46	38	67	72	69	82	59	65	72	53	79	87	94	111	138	143	85	97	137	149	61	62	73	90	115	85	51	55	68	57	89	91	62	80	105	75	137	163	124	82	83	92	76	99	56	70	45	63	60	85	72	106	151	91	47
97	87	76	109	139	114	52	107	94	150	141	132	67	89	76	86	82	100	99	112	94	81	93	96	92	111	113	96	117	93	91	60	96	87	108	98	65	105	130	85	97	83	68	84	76	53	62	72	42	56	90	80	60	34	68	59	79	110	140	209	187	86	92	105	106	81	75	86	93	122	92	73	63	54	107	107	95	95	130	103	93	139	149	82	81	89	101	65	58	61	65	41	47	58	110	79	102	92	90	108
94	98	91	134	163	124	128	96	94	137	98	125	98	83	66	63	55	81	64	83	76	75	63	79	94	96	82	88	136	131	91	99	115	126	104	85	74	148	201	106	113	81	52	53	66	63	75	52	34	48	69	51	45	62	69	86	94	70	130	192	185	100	78	86	101	97	60	77	156	153	126	93	122	81	74	58	89	120	169	104	122	107	69	63	63	95	78	68	85	86	85	68	53	91	74	88	55	60	72	77
78	125	108	92	184	254	221	145	95	81	103	130	130	129	96	95	73	86	75	84	90	74	107	80	55	55	80	87	67	72	111	108	105	132	89	91	84	96	90	98	72	67	51	47	53	63	55	62	99	41	52	80	52	80	61	69	68	88	105	79	101	85	59	63	80	77	66	114	157	169	130	79	104	96	73	62	93	68	103	107	124	112	101	94	64	103	96	116	92	105	83	48	79	103	75	63	95	93	72	57
71	80	96	121	166	255	255	186	80	93	90	149	202	156	96	98	74	91	59	102	111	68	96	85	80	91	97	99	75	96	80	89	91	79	83	93	61	68	80	131	79	65	65	70	81	79	63	77	56	35	92	63	63	111	105	71	68	70	65	74	76	80	79	86	63	64	67	131	186	118	76	81	89	87	88	97	67	67	58	73	104	85	72	110	86	109	138	153	100	87	99	86	92	107	88	66	104	96	71	81
72	32	61	105	134	200	178	155	98	75	90	119	178	136	98	81	75	81	80	69	92	89	73	59	76	81	120	133	97	98	72	68	116	94	123	83	84	108	136	117	106	70	90	94	77	103	75	70	44	63	83	86	85	70	103	93	86	96	78	90	110	80	57	96	51	75	63	120	106	109	91	100	121	75	91	58	60	58	66	78	100	132	99	107	121	107	158	156	94	83	107	105	108	74	70	86	147	125	73	84
68	95	101	106	98	86	104	120	88	83	110	104	107	107	77	97	96	66	77	79	96	162	123	88	92	78	115	117	93	51	75	72	88	94	67	84	77	101	163	108	65	88	131	112	115	82	73	69	60	58	80	59	65	62	96	83	92	76	64	95	121	88	69	87	118	48	84	92	86	61	83	107	76	86	75	100	92	77	86	88	95	150	131	130	158	141	144	149	84	103	147	153	178	106	93	88	115	83	85	60
64	70	81	91	89	108	94	93	82	96	87	133	106	92	121	111	118	100	84	85	101	100	128	139	109	45	68	81	77	63	65	77	104	52	67	81	99	64	91	84	91	99	128	133	127	111	75	59	74	48	52	72	74	70	97	50	69	113	86	68	94	76	66	90	95	64	71	102	79	77	86	101	107	95	106	126	109	99	102	83	86	87	125	140	134	127	115	100	81	99	121	129	159	87	68	97	101	106	77	63
48	54	76	81	104	70	76	93	100	93	101	98	107	81	86	115	106	79	100	139	105	138	123	127	119	75	102	105	79	111	93	67	66	82	72	87	79	81	86	80	80	76	113	128	104	100	92	52	66	65	50	67	62	59	81	61	86	63	68	113	100	65	83	76	56	78	66	123	80	82	118	108	90	96	72	99	95	131	145	70	60	99	137	179	106	126	114	108	89	74	101	72	90	83	88	139	113	85	58	46
70	64	94	140	75	47	83	72	71	109	96	82	94	120	110	94	85	113	105	149	171	154	161	115	76	63	105	119	110	71	85	68	73	71	75	89	88	77	109	100	89	115	121	109	108	94	107	103	89	75	102	73	66	63	58	56	56	93	97	92	95	72	105	74	102	63	71	68	68	85	101	93	80	96	127	99	77	99	96	64	71	58	103	114	101	97	92	72	59	91	76	103	84	98	65	135	120	73	75	49
105	110	88	104	73	46	66	78	58	87	74	63	96	122	133	110	102	122	117	141	128	135	131	96	100	70	76	123	118	94	83	57	77	101	82	93	76	47	69	98	124	152	212	158	161	130	111	100	98	110	89	72	77	49	60	67	94	77	80	77	82	74	119	113	92	68	34	48	64	82	118	91	120	69	105	105	114	95	84	116	94	44	74	95	127	114	106	87	68	65	93	56	79	71	96	128	89	81	93	102
119	95	95	75	78	62	68	76	76	50	70	62	84	110	111	136	130	114	95	85	69	130	152	88	48	59	74	141	171	99	73	72	79	97	105	128	133	85	76	100	77	120	116	142	163	125	104	118	127	84	84	58	68	73	76	82	65	71	57	46	44	58	89	101	83	33	64	59	93	107	114	133	118	70	103	102	88	108	118	93	88	76	72	95	105	129	135	107	90	80	107	71	72	80	71	80	80	68	79	67
109	92	90	130	105	99	88	63	66	51	67	63	98	115	116	173	172	126	86	85	84	113	120	102	68	74	93	177	183	113	95	87	78	55	111	222	194	116	102	93	93	94	107	91	64	71	85	126	149	105	87	86	70	82	97	96	101	73	56	58	72	70	67	79	82	74	52	32	48	78	108	146	101	99	70	105	78	73	86	78	77	56	80	87	124	147	107	106	133	151	105	109	82	106	86	57	61	68	66	41
65	72	82	91	97	102	74	54	63	75	76	83	87	105	88	114	138	114	118	93	72	68	106	116	89	73	51	117	99	94	89	85	74	100	119	142	174	146	78	100	80	113	96	65	76	53	82	87	119	118	71	90	51	74	82	110	119	93	57	47	65	60	78	76	29	44	94	74	105	117	127	124	92	106	102	74	77	48	57	66	67	69	47	49	73	118	87	95	113	117	124	129	89	108	115	94	71	63	39	53
112	108	93	73	81	82	108	86	90	98	85	84	76	78	71	91	125	123	116	143	101	89	96	124	128	69	57	129	115	91	92	79	66	79	78	119	170	149	111	102	94	100	96	100	103	83	65	84	101	94	95	57	63	47	81	85	80	84	51	67	69	65	70	76	79	92	94	159	137	147	126	97	127	115	67	58	71	74	60	63	67	68	74	74	90	123	107	84	86	80	81	88	65	68	87	84	78	58	80	50
82	81	81	88	78	133	157	151	122	118	97	103	98	83	89	87	159	138	92	99	73	97	95	131	111	150	126	106	114	65	89	62	65	79	111	121	131	93	93	98	101	87	91	113	111	98	112	125	110	134	86	43	58	64	55	79	77	80	59	72	105	89	71	104	59	72	120	178	142	127	89	115	109	130	147	85	70	76	75	87	55	70	116	104	83	77	106	71	65	121	75	75	79	84	64	66	64	62	67	90
72	74	81	89	88	120	191	182	119	114	151	97	106	107	132	131	146	117	88	89	134	149	140	113	109	166	132	95	70	108	78	87	115	104	110	106	131	144	100	87	88	107	152	194	146	101	128	124	80	88	97	52	59	65	79	69	80	54	65	95	103	86	102	98	101	91	90	127	131	96	101	75	82	88	94	118	78	58	68	34	90	98	90	87	105	87	69	69	84	85	98	93	95	84	40	64	96	91	92	85
119	101	88	125	124	120	158	180	107	97	115	105	104	123	81	90	104	86	94	54	81	83	83	111	110	103	103	112	106	87	84	89	110	76	103	106	103	116	81	64	74	130	182	197	152	115	74	76	68	95	88	83	77	99	83	60	81	68	73	96	155	133	144	121	77	58	84	108	105	66	72	46	85	68	78	93	95	76	78	94	143	111	111	101	69	74	63	38	59	61	65	83	65	43	69	65	88	92	78	106
103	105	95	124	144	153	179	128	114	74	86	82	103	128	100	65	88	84	87	73	52	69	77	91	66	79	79	93	91	130	103	108	100	89	90	101	70	95	82	71	71	58	111	108	107	94	66	73	85	97	125	139	106	77	51	45	31	55	69	129	192	142	119	78	79	64	81	83	98	54	55	49	68	80	95	126	101	98	91	90	154	167	66	82	78	98	92	73	59	65	56	71	89	58	79	94	72	82	76	108
65	79	90	123	112	130	131	93	80	101	120	122	141	130	75	93	68	64	89	45	58	64	67	101	74	68	66	93	126	108	91	94	81	62	51	97	89	108	75	102	68	105	66	77	90	73	73	74	84	78	82	86	121	68	52	58	58	45	88	144	133	138	100	59	64	72	90	68	89	100	70	72	64	100	132	212	171	122	67	83	94	102	109	126	128	91	76	64	61	65	54	63	74	92	82	93	103	73	76	73
96	71	110	140	139	109	138	83	93	77	78	106	110	92	78	108	98	56	80	93	95	117	48	68	71	67	78	109	131	119	87	91	58	61	63	99	100	81	66	81	82	88	78	61	77	87	107	87	78	57	91	75	95	70	58	60	53	55	90	94	95	93	96	70	53	68	83	86	77	92	102	52	46	49	85	83	117	128	61	93	76	83	116	121	146	83	81	57	95	107	82	87	51	65	65	124	148	105	87	73
76	57	87	117	97	145	226	130	112	95	81	122	122	111	87	71	94	74	110	98	102	102	87	64	60	54	64	73	110	97	76	109	95	59	72	88	82	73	66	87	118	80	91	83	93	103	99	92	51	79	80	70	60	68	45	71	47	67	61	73	89	90	70	66	63	74	69	76	58	74	81	60	62	78	53	78	94	96	78	111	80	156	112	103	130	86	74	103	103	111	118	52	76	73	85	64	116	66	82	119
104	104	104	125	128	132	91	67	53	89	87	108	145	104	81	66	101	65	98	96	104	118	94	93	48	63	52	69	72	76	98	76	42	87	43	80	102	114	104	92	81	61	76	90	68	60	67	69	73	84	94	62	86	63	83	50	49	64	97	94	87	94	62	81	73	70	70	91	64	54	66	48	72	73	52	96	81	68	82	74	58	115	116	99	91	60	65	67	74	96	76	79	80	66	71	54	61	82	65	78
158	122	123	126	105	138	90	80	79	60	97	120	129	125	78	57	113	141	120	123	128	114	102	77	58	71	68	68	51	67	76	53	63	62	47	83	130	136	96	99	87	66	76	91	56	75	85	46	74	49	89	89	99	95	92	46	59	77	74	82	91	86	81	65	89	90	127	154	98	91	73	74	53	53	43	62	51	78	84	72	64	59	74	92	78	50	57	57	67	62	73	69	71	71	56	51	53	52	86	54
153	127	100	91	80	89	101	99	91	104	101	154	117	108	100	82	126	96	109	133	124	124	105	96	74	77	94	93	103	71	61	65	55	58	70	70	108	102	100	104	99	61	76	93	64	104	66	96	88	74	106	91	83	83	83	58	69	73	72	44	53	90	81	88	84	90	151	150	92	69	74	78	85	88	92	71	72	61	82	96	62	81	86	83	98	67	56	65	71	56	66	65	73	95	74	75	75	101	82	86
103	115	116	76	90	113	117	108	105	98	170	174	148	138	97	69	114	85	92	89	105	137	131	123	106	86	105	80	94	82	81	62	61	63	80	90	103	73	108	101	118	93	68	72	61	64	97	108	80	98	91	89	69	56	63	68	102	100	92	63	46	63	91	118	88	94	102	105	81	86	92	70	63	99	94	78	74	94	66	68	84	77	104	110	109	70	91	98	51	70	84	58	75	95	95	80	108	114	90	90
90	69	109	72	68	83	115	65	69	110	186	133	143	121	106	116	72	85	102	66	74	117	188	130	137	107	76	83	90	76	53	47	75	67	72	91	106	93	85	100	93	91	73	94	63	60	62	53	61	88	77	66	69	65	82	78	129	190	111	72	62	57	64	65	71	104	96	99	88	44	41	74	110	118	92	92	68	73	100	134	125	134	80	139	114	92	64	111	77	104	66	67	62	132	145	88	75	76	114	85
100	67	85	65	89	118	110	89	92	106	145	135	98	93	130	144	99	81	82	84	85	98	108	106	102	68	75	81	76	85	68	66	66	63	99	88	106	104	89	73	62	85	71	54	66	48	75	85	64	79	109	81	67	61	61	91	148	125	79	89	82	84	53	52	51	101	99	99	69	94	47	83	127	142	91	89	113	65	70	108	117	154	77	109	107	82	65	73	76	81	71	56	54	99	79	68	55	58	80	67
84	83	105	80	81	98	95	121	126	94	123	108	105	95	145	172	168	126	94	105	69	72	56	85	85	89	61	73	65	63	94	81	61	82	62	85	68	74	94	84	42	59	71	87	43	65	61	75	59	69	77	91	103	86	40	87	112	94	142	118	144	97	38	43	61	69	98	52	72	108	54	92	111	121	93	131	101	78	65	54	95	119	86	91	110	87	78	98	101	89	94	70	37	74	41	69	75	62	86	64
85	100	72	80	76	109	97	103	110	132	121	119	180	101	132	156	149	104	122	104	69	86	72	81	94	119	92	89	75	92	117	87	99	83	82	86	91	71	66	94	56	90	100	72	81	88	54	68	59	57	81	59	90	104	69	107	128	113	102	115	114	108	55	66	84	89	74	97	106	93	100	72	129	101	89	80	86	64	86	85	74	90	57	101	99	83	72	106	68	105	104	100	69	52	56	67	100	59	79	61
94	106	103	80	93	92	93	73	115	139	134	215	187	115	96	144	119	152	127	88	60	106	107	99	111	115	93	98	89	84	91	111	127	70	66	108	85	104	93	80	75	81	100	118	99	99	79	86	74	57	69	71	112	70	85	73	97	74	83	134	107	59	64	63	106	101	79	103	133	105	130	124	95	86	80	92	90	81	65	57	89	68	88	114	149	96	63	78	99	151	116	107	86	86	71	92	117	128	95	89
95	86	100	65	76	118	103	96	99	105	110	127	144	117	139	150	111	146	141	99	83	100	102	76	97	101	154	117	64	93	108	121	101	54	80	55	74	105	81	83	90	65	110	147	144	98	92	106	70	95	103	93	95	63	67	41	69	109	83	116	89	96	127	64	95	83	75	97	101	91	98	75	101	77	74	48	73	44	83	85	61	85	94	132	108	83	75	83	91	106	139	119	89	105	93	86	121	149	99	85
100	60	80	74	72	113	99	92	74	63	82	92	104	125	122	108	109	80	106	94	79	84	73	76	49	130	133	108	75	80	103	120	108	92	57	72	69	88	106	118	62	88	77	101	109	96	101	74	100	116	78	135	109	78	59	78	108	103	132	91	83	62	84	76	118	108	87	62	97	92	66	88	105	68	72	63	65	73	67	88	81	84	69	88	68	59	57	69	79	92	93	84	56	73	63	81	106	118	98	72
73	73	86	67	89	100	116	90	67	75	83	74	103	105	55	56	80	74	40	61	84	82	96	92	82	100	106	96	80	71	66	87	103	87	88	64	88	88	116	83	86	105	110	100	81	67	79	64	64	67	118	98	107	97	52	71	151	194	133	97	92	66	84	70	96	95	76	78	77	84	114	88	55	52	71	44	76	65	51	62	72	89	102	96	104	76	49	95	96	70	97	80	66	71	88	90	99	113	90	66
106	116	88	92	95	107	118	152	92	64	81	67	72	93	64	54	70	62	71	72	50	67	108	101	99	98	92	129	76	84	89	74	90	112	71	120	151	178	133	131	98	115	114	95	58	64	70	32	75	101	91	105	64	97	65	79	126	171	133	96	62	76	83	111	102	98	104	91	85	84	69	74	62	50	49	101	61	74	80	86	82	124	107	105	97	87	75	80	75	72	75	78	87	68	69	102	77	96	107	78
155	205	230	212	216	159	139	148	97	61	97	104	155	156	117	94	108	76	84	71	96	100	105	101	121	131	105	136	117	91	61	63	45	84	80	140	165	151	140	127	163	119	97	71	85	66	63	50	56	93	89	127	125	92	90	91	117	168	116	77	63	76	64	99	85	60	72	84	76	88	64	54	48	54	54	74	62	71	72	81	69	91	80	72	74	77	69	79	78	89	77	66	96	71	97	137	138	117	113	118
174	255	255	241	211	183	135	102	95	121	61	76	159	169	111	153	137	109	87	76	66	74	120	139	137	102	89	128	102	130	132	97	56	68	90	136	127	153	120	107	153	83	105	77	82	106	69	82	63	72	75	100	120	109	101	107	80	83	59	75	72	77	72	115	106	67	53	94	121	93	41	75	92	100	42	53	92	81	100	101	93	63	61	85	100	63	115	103	96	58	68	76	77	117	97	123	159	99	115	111
194	207	200	143	123	111	101	111	135	105	71	85	110	118	115	140	168	128	123	88	75	104	108	97	91	73	100	120	91	105	82	70	65	76	65	91	103	102	128	136	161	98	102	64	97	127	128	88	82	98	99	94	99	152	102	94	74	101	108	90	110	78	122	116	152	89	75	92	156	109	80	105	103	106	94	94	89	74	62	99	102	68	40	54	79	95	121	117	72	61	75	73	86	124	121	127	135	86	83	112
116	107	122	123	130	102	135	105	101	101	66	83	81	70	97	114	115	95	75	74	88	101	103	85	98	68	73	90	90	82	86	85	98	85	99	111	94	98	110	112	113	52	64	61	74	122	132	119	98	106	94	143	147	205	156	86	60	66	96	145	136	130	139	102	96	67	90	88	104	92	80	93	87	118	103	81	77	96	66	99	71	90	82	56	59	100	71	99	82	63	85	73	69	82	89	111	77	89	122	113
98	71	88	105	127	170	238	200	127	109	57	32	59	84	81	100	75	84	86	57	95	89	81	115	84	76	88	112	73	91	71	50	70	81	101	79	75	76	97	83	73	48	59	72	74	81	128	192	143	128	77	147	125	143	130	142	57	106	150	183	124	123	106	82	105	112	112	96	82	111	113	83	105	99	93	89	86	88	88	114	100	126	106	61	51	61	92	104	101	81	105	102	101	76	73	91	78	91	103	113
55	72	80	127	140	153	227	156	123	101	77	60	59	70	111	118	85	79	87	91	70	97	75	85	121	94	96	111	93	102	92	89	58	50	88	92	87	66	101	109	68	67	55	62	73	69	137	180	139	110	132	107	81	92	98	133	94	112	146	135	102	83	107	115	112	109	85	88	86	81	69	77	89	85	93	113	82	84	83	83	90	113	79	61	58	108	98	91	47	90	79	70	82	76	88	117	83	87	86	145
85	69	63	113	99	71	90	73	91	70	79	77	79	72	86	105	95	104	105	119	79	75	64	56	95	131	119	124	135	75	73	89	72	78	71	89	61	53	78	81	61	59	57	68	73	80	74	90	121	94	88	102	97	117	123	162	165	130	122	112	70	63	97	85	90	87	79	78	71	89	67	84	103	92	139	172	109	90	79	67	73	124	100	63	71	95	84	54	58	55	53	84	66	62	76	104	110	105	119	99
85	116	98	70	118	105	81	73	103	152	83	98	81	85	104	98	106	133	148	115	90	61	93	73	70	103	70	99	98	79	54	67	90	75	91	89	74	47	72	68	75	45	51	61	52	75	61	82	84	97	97	127	139	141	147	147	169	185	123	111	66	48	74	92	142	127	97	98	66	67	72	87	135	140	161	129	116	102	80	74	81	101	109	75	85	66	57	58	67	66	79	89	94	88	73	81	86	80	78	63
123	154	142	96	101	87	62	96	134	141	143	94	127	105	98	76	96	122	150	78	63	94	119	117	119	121	137	117	116	100	77	71	86	71	70	96	105	96	92	98	81	50	79	77	82	69	74	73	92	118	96	100	139	158	132	141	159	138	133	97	66	94	66	72	99	122	120	89	74	72	74	149	105	84	95	96	79	99	100	67	53	97	89	128	112	108	85	86	59	83	46	89	94	57	66	54	67	60	80	90
88	85	95	63	68	73	78	109	126	116	104	66	95	109	122	98	98	94	75	71	79	94	147	136	97	68	138	164	171	100	115	102	101	65	70	93	113	110	76	81	79	122	98	102	82	70	60	107	92	137	96	117	153	146	116	110	139	97	113	80	94	122	115	63	101	133	89	71	74	77	124	118	101	97	83	72	70	106	122	60	81	105	101	106	140	103	125	102	67	55	53	73	79	69	83	81	64	58	72	60
